Applications Graphics Acceleration Info:
Uptime: 75276063 Realtime: 92900999

** Graphics info for pid 24182 [dev.halcamera] **

Stats since: 75260773896652ns
Total frames rendered: 916
Janky frames: 0 (0.00%)
Janky frames (legacy): 19 (2.07%)
50th percentile: 5ms
90th percentile: 6ms
95th percentile: 7ms
99th percentile: 11ms
Number Missed Vsync: 0
Number High input latency: 0
Number Slow UI thread: 0
Number Slow bitmap uploads: 0
Number Slow issue draw commands: 0
Number Frame deadline missed: 0
Number Frame deadline missed (legacy): 19
HISTOGRAM: 5ms=801 6ms=52 7ms=22 8ms=15 9ms=8 10ms=5 11ms=10 12ms=1 13ms=1 14ms=0 15ms=1 16ms=0 17ms=0 18ms=0 19ms=0 20ms=0 21ms=0 22ms=0 23ms=0 24ms=0 25ms=0 26ms=0 27ms=0 28ms=0 29ms=0 30ms=0 31ms=0 32ms=0 34ms=0 36ms=0 38ms=0 40ms=0 42ms=0 44ms=0 46ms=0 48ms=0 53ms=0 57ms=0 61ms=0 65ms=0 69ms=0 73ms=0 77ms=0 81ms=0 85ms=0 89ms=0 93ms=0 97ms=0 101ms=0 105ms=0 109ms=0 113ms=0 117ms=0 121ms=0 125ms=0 129ms=0 133ms=0 150ms=0 200ms=0 250ms=0 300ms=0 350ms=0 400ms=0 450ms=0 500ms=0 550ms=0 600ms=0 650ms=0 700ms=0 750ms=0 800ms=0 850ms=0 900ms=0 950ms=0 1000ms=0 1050ms=0 1100ms=0 1150ms=0 1200ms=0 1250ms=0 1300ms=0 1350ms=0 1400ms=0 1450ms=0 1500ms=0 1550ms=0 1600ms=0 1650ms=0 1700ms=0 1750ms=0 1800ms=0 1850ms=0 1900ms=0 1950ms=0 2000ms=0 2050ms=0 2100ms=0 2150ms=0 2200ms=0 2250ms=0 2300ms=0 2350ms=0 2400ms=0 2450ms=0 2500ms=0 2550ms=0 2600ms=0 2650ms=0 2700ms=0 2750ms=0 2800ms=0 2850ms=0 2900ms=0 2950ms=0 3000ms=0 3050ms=0 3100ms=0 3150ms=0 3200ms=0 3250ms=0 3300ms=0 3350ms=0 3400ms=0 3450ms=0 3500ms=0 3550ms=0 3600ms=0 3650ms=0 3700ms=0 3750ms=0 3800ms=0 3850ms=0 3900ms=0 3950ms=0 4000ms=0 4050ms=0 4100ms=0 4150ms=0 4200ms=0 4250ms=0 4300ms=0 4350ms=0 4400ms=0 4450ms=0 4500ms=0 4550ms=0 4600ms=0 4650ms=0 4700ms=0 4750ms=0 4800ms=0 4850ms=0 4900ms=0 4950ms=0
50th gpu percentile: 3ms
90th gpu percentile: 3ms
95th gpu percentile: 3ms
99th gpu percentile: 4ms
GPU HISTOGRAM: 1ms=7 2ms=402 3ms=494 4ms=13 5ms=0 6ms=0 7ms=0 8ms=0 9ms=0 10ms=0 11ms=0 12ms=0 13ms=0 14ms=0 15ms=0 16ms=0 17ms=0 18ms=0 19ms=0 20ms=0 21ms=0 22ms=0 23ms=0 24ms=0 25ms=0 4950ms=0

Pipeline=Skia (Vulkan)
Memory policy:
  Max surface area: 4492800
  Max resource usage: 215.65MB (x48)
  Background retention: 50% (altUiHidden = true)
  GPU Context timeout: 10
Contexts: 1 (stopped = 0)
CPU Caches:
  Glyph Cache: 719.15 KB (1 entry)
  Glyph Count: 46
Total CPU memory usage:
  736412 bytes, 719.15 KB (0.00 bytes is purgeable)
GPU Caches:
  Other:
    TextBlobCache: 23.15 KB (1 entry)
  Image:
    Texture: 434.62 KB (5 entries)
  Scratch:
    Texture: 2.00 MB (2 entries)
    Buffer Object: 176.00 KB (5 entries)
    Attachment: 0.00 bytes (7 entries)
Layer Info:
    VkLayer size 1440x3120
  Layers Total         17550.00 KB (numLayers = 1)
Total GPU memory usage:
  2746264 bytes, 2.62 MB (310.00 KB is purgeable)
TextureView: 1440x3120

GraphicBufferAllocator buffers:
            Handle |         Size |     W (Stride) x H | Layers |   Format |      Usage | Requestor
0xb400006f5bbf1d40 |      unknown | 1280 (1280) x  720 |      1 |       22 | 0x   20100 | SurfaceTexture-0-24182-0
0xb400006f5bbf4940 |      unknown | 1280 (1280) x  720 |      1 |       22 | 0x   20100 | SurfaceTexture-0-24182-0
0xb400006f5bbf5c80 |      unknown | 1280 (1280) x  720 |      1 |       22 | 0x   20100 | SurfaceTexture-0-24182-0
0xb400006f5bbf5de0 |      unknown |  640 ( 640) x  480 |      1 |       23 | 0x   20003 | ImageReader-640x480f23m3-24182-0
0xb400006f5bbf5e90 |      unknown |  640 ( 640) x  480 |      1 |       23 | 0x   20003 | ImageReader-640x480f23m3-24182-0
0xb400006f5bbf5ff0 |      unknown |  640 ( 640) x  480 |      1 |       23 | 0x   20003 | ImageReader-640x480f23m3-24182-0
0xb400006f5bbf6200 |      unknown | 1280 (1280) x  720 |      1 |       22 | 0x   20100 | SurfaceTexture-0-24182-0
0xb400006f5bbf6410 |      unknown | 1280 (1280) x  720 |      1 |       22 | 0x   20100 | SurfaceTexture-0-24182-0
0xb400006f5bbf6570 |      unknown | 1280 (1280) x  720 |      1 |       22 | 0x   20100 | SurfaceTexture-0-24182-0
0xb400006f5bbf6990 |      unknown |  640 ( 640) x  480 |      1 |       23 | 0x   20003 | ImageReader-640x480f23m3-24182-0
0xb400006f5bbf6d00 |      unknown |  640 ( 640) x  480 |      1 |       23 | 0x   20003 | ImageReader-640x480f23m3-24182-0
0xb400006f5bbf6e60 |      unknown |  640 ( 640) x  480 |      1 |       23 | 0x   20003 | ImageReader-640x480f23m3-24182-0
0xb400006f5bbf6f10 |      unknown |  640 ( 640) x  480 |      1 |       23 | 0x   20003 | ImageReader-640x480f23m3-24182-0
0xb400006f5bbf76a0 |      unknown | 1280 (1280) x  720 |      1 |       22 | 0x   20100 | SurfaceTexture-0-24182-0
0xb400006f5bbfa140 |      unknown | 1280 (1280) x  720 |      1 |       22 | 0x   20100 | SurfaceTexture-0-24182-0
0xb400006f5bbff680 | 17940.00 KiB | 1440 (1472) x 3120 |      1 |        1 | 0x10000b00 | VRI[MainActivity]@cbe1c2d#0(BLAST Consumer)0
0xb400006f5bbff890 | 17940.00 KiB | 1440 (1472) x 3120 |      1 |        1 | 0x10000b00 | VRI[MainActivity]@cbe1c2d#0(BLAST Consumer)0
0xb400006f5bbffb50 | 17940.00 KiB | 1440 (1472) x 3120 |      1 |        1 | 0x10000b00 | VRI[MainActivity]@cbe1c2d#0(BLAST Consumer)0
0xb400006f5bbffd60 | 17940.00 KiB | 1440 (1472) x 3120 |      1 |        1 | 0x10000b00 | VRI[MainActivity]@cbe1c2d#0(BLAST Consumer)0
Total allocated by GraphicBufferAllocator (estimate): 71760.00 KB
Imported gralloc buffers:
+ name:SurfaceTexture-0-24182-0, id:53250, size:1380.00KiB, w/h:1280x720, usage: 0x20100, req fmt:34, fourcc/mod:842094158/0, dataspace: 0x8c20000, compressed: false
+ name:ImageReader-640x480f23m3-24182-0, id:53234, size:480.00KiB, w/h:640x480, usage: 0x20003, req fmt:35, fourcc/mod:0/0, dataspace: 0x8c20000, compressed: false
+ name:ImageReader-640x480f23m3-24182-0, id:53231, size:480.00KiB, w/h:640x480, usage: 0x20003, req fmt:35, fourcc/mod:0/0, dataspace: 0x8c20000, compressed: false
+ name:ImageReader-640x480f23m3-24182-0, id:53228, size:480.00KiB, w/h:640x480, usage: 0x20003, req fmt:35, fourcc/mod:0/0, dataspace: 0x8c20000, compressed: false
+ name:VRI[MainActivity]@cbe1c2d#0(BLAST Consumer)0, id:53211, size:18040.00KiB, w/h:1440x3120, usage: 0x10000b00, req fmt:1, fourcc/mod:0/0, dataspace: 0x8810000, compressed: true
+ name:SurfaceTexture-0-24182-0, id:53227, size:1380.00KiB, w/h:1280x720, usage: 0x20100, req fmt:34, fourcc/mod:842094158/0, dataspace: 0x8c20000, compressed: false
+ name:SurfaceTexture-0-24182-0, id:53226, size:1380.00KiB, w/h:1280x720, usage: 0x20100, req fmt:34, fourcc/mod:842094158/0, dataspace: 0x8c20000, compressed: false
+ name:ImageReader-640x480f23m3-24182-0, id:53229, size:480.00KiB, w/h:640x480, usage: 0x20003, req fmt:35, fourcc/mod:0/0, dataspace: 0x8c20000, compressed: false
+ name:SurfaceTexture-0-24182-0, id:53225, size:1380.00KiB, w/h:1280x720, usage: 0x20100, req fmt:34, fourcc/mod:842094158/0, dataspace: 0x8c20000, compressed: false
+ name:SurfaceTexture-0-24182-0, id:53224, size:1380.00KiB, w/h:1280x720, usage: 0x20100, req fmt:34, fourcc/mod:842094158/0, dataspace: 0x8c20000, compressed: false
+ name:SurfaceTexture-0-24182-0, id:53223, size:1380.00KiB, w/h:1280x720, usage: 0x20100, req fmt:34, fourcc/mod:842094158/0, dataspace: 0x8c20000, compressed: false
+ name:ImageReader-640x480f23m3-24182-0, id:53232, size:480.00KiB, w/h:640x480, usage: 0x20003, req fmt:35, fourcc/mod:0/0, dataspace: 0x8c20000, compressed: false
+ name:VRI[MainActivity]@cbe1c2d#0(BLAST Consumer)0, id:53212, size:18040.00KiB, w/h:1440x3120, usage: 0x10000b00, req fmt:1, fourcc/mod:0/0, dataspace: 0x8810000, compressed: true
+ name:ImageReader-640x480f23m3-24182-0, id:53233, size:480.00KiB, w/h:640x480, usage: 0x20003, req fmt:35, fourcc/mod:0/0, dataspace: 0x8c20000, compressed: false
+ name:VRI[MainActivity]@cbe1c2d#0(BLAST Consumer)0, id:53213, size:18040.00KiB, w/h:1440x3120, usage: 0x10000b00, req fmt:1, fourcc/mod:0/0, dataspace: 0x8810000, compressed: true
+ name:ImageReader-640x480f23m3-24182-0, id:53230, size:480.00KiB, w/h:640x480, usage: 0x20003, req fmt:35, fourcc/mod:0/0, dataspace: 0x8c20000, compressed: false
+ name:SurfaceTexture-0-24182-0, id:53222, size:1380.00KiB, w/h:1280x720, usage: 0x20100, req fmt:34, fourcc/mod:842094158/0, dataspace: 0x8c20000, compressed: false
+ name:SurfaceTexture-0-24182-0, id:53235, size:1380.00KiB, w/h:1280x720, usage: 0x20100, req fmt:34, fourcc/mod:842094158/0, dataspace: 0x8c20000, compressed: false
+ name:VRI[MainActivity]@cbe1c2d#0(BLAST Consumer)0, id:53214, size:18040.00KiB, w/h:1440x3120, usage: 0x10000b00, req fmt:1, fourcc/mod:0/0, dataspace: 0x8810000, compressed: true
Total imported by gralloc: 86560.00KiB

Profile data in ms:

	dev.halcamera/dev.halcamera.MainActivity/android.view.ViewRootImpl@9c92756 (visibility=0)
Window: dev.halcamera/dev.halcamera.MainActivity
Stats since: 75260773895350ns
Total frames rendered: 916
Janky frames: 0 (0.00%)
Janky frames (legacy): 19 (2.07%)
50th percentile: 5ms
90th percentile: 6ms
95th percentile: 7ms
99th percentile: 11ms
Number Missed Vsync: 0
Number High input latency: 0
Number Slow UI thread: 0
Number Slow bitmap uploads: 0
Number Slow issue draw commands: 0
Number Frame deadline missed: 0
Number Frame deadline missed (legacy): 19
HISTOGRAM: 5ms=801 6ms=52 7ms=22 8ms=15 9ms=8 10ms=5 11ms=10 12ms=1 13ms=1 14ms=0 15ms=1 16ms=0 17ms=0 18ms=0 19ms=0 20ms=0 21ms=0 22ms=0 23ms=0 24ms=0 25ms=0 26ms=0 27ms=0 28ms=0 29ms=0 30ms=0 31ms=0 32ms=0 34ms=0 36ms=0 38ms=0 40ms=0 42ms=0 44ms=0 46ms=0 48ms=0 53ms=0 57ms=0 61ms=0 65ms=0 69ms=0 73ms=0 77ms=0 81ms=0 85ms=0 89ms=0 93ms=0 97ms=0 101ms=0 105ms=0 109ms=0 113ms=0 117ms=0 121ms=0 125ms=0 129ms=0 133ms=0 150ms=0 200ms=0 250ms=0 300ms=0 350ms=0 400ms=0 450ms=0 500ms=0 550ms=0 600ms=0 650ms=0 700ms=0 750ms=0 800ms=0 850ms=0 900ms=0 950ms=0 1000ms=0 1050ms=0 1100ms=0 1150ms=0 1200ms=0 1250ms=0 1300ms=0 1350ms=0 1400ms=0 1450ms=0 1500ms=0 1550ms=0 1600ms=0 1650ms=0 1700ms=0 1750ms=0 1800ms=0 1850ms=0 1900ms=0 1950ms=0 2000ms=0 2050ms=0 2100ms=0 2150ms=0 2200ms=0 2250ms=0 2300ms=0 2350ms=0 2400ms=0 2450ms=0 2500ms=0 2550ms=0 2600ms=0 2650ms=0 2700ms=0 2750ms=0 2800ms=0 2850ms=0 2900ms=0 2950ms=0 3000ms=0 3050ms=0 3100ms=0 3150ms=0 3200ms=0 3250ms=0 3300ms=0 3350ms=0 3400ms=0 3450ms=0 3500ms=0 3550ms=0 3600ms=0 3650ms=0 3700ms=0 3750ms=0 3800ms=0 3850ms=0 3900ms=0 3950ms=0 4000ms=0 4050ms=0 4100ms=0 4150ms=0 4200ms=0 4250ms=0 4300ms=0 4350ms=0 4400ms=0 4450ms=0 4500ms=0 4550ms=0 4600ms=0 4650ms=0 4700ms=0 4750ms=0 4800ms=0 4850ms=0 4900ms=0 4950ms=0
50th gpu percentile: 3ms
90th gpu percentile: 3ms
95th gpu percentile: 3ms
99th gpu percentile: 4ms
GPU HISTOGRAM: 1ms=7 2ms=402 3ms=494 4ms=13 5ms=0 6ms=0 7ms=0 8ms=0 9ms=0 10ms=0 11ms=0 12ms=0 13ms=0 14ms=0 15ms=0 16ms=0 17ms=0 18ms=0 19ms=0 20ms=0 21ms=0 22ms=0 23ms=0 24ms=0 25ms=0 4950ms=0



---PROFILEDATA---
Flags,FrameTimelineVsyncId,IntendedVsync,Vsync,InputEventId,HandleInputStart,AnimationStart,PerformTraversalsStart,DrawStart,FrameDeadline,FrameStartTime,FrameInterval,WorkloadTarget,SyncQueued,SyncStart,IssueDrawCommandsStart,SwapBuffers,FrameCompleted,DequeueBufferDuration,QueueBufferDuration,GpuCompleted,SwapBuffersCompleted,DisplayPresentTime,CommandSubmissionCompleted,
0,14590724,75274052405238,75274052405238,0,75274052834147,75274052835762,75274052952481,75274052991960,75274069071904,75274052829043,16683755,16666666,75274053005918,75274053199824,75274053280293,75274054278366,75274056228522,7812,206094,75274056228522,75274054551960,75274085739928,75274054278366,
0,14590731,75274069089682,75274069089682,0,75274069535762,75274069537272,75274069645293,75274069707116,75274085756348,75274069530293,16683843,16666666,75274069794616,75274070954356,75274071953574,75274073289824,75274075364772,9479,658490,75274075364772,75274074198210,75274102423262,75274073289824,
0,14590738,75274085774311,75274085774311,0,75274086554824,75274086555866,75274086690710,75274086740762,75274102440977,75274086549356,16683927,16666666,75274086754304,75274086793731,75274086869512,75274087986387,75274090216647,9063,180625,75274090216647,75274088248991,75274119107115,75274087986387,
0,14590745,75274102458946,75274102458946,0,75274103754043,75274103754772,75274103846856,75274103898522,75274119125612,75274103748106,16683935,16666666,75274103968210,75274104694981,75274104795762,75274105792012,75274107867272,8594,968125,75274107867272,75274107059199,75274135790554,75274105792012,
0,14590752,75274119142846,75274119142846,0,75274123993210,75274123993679,75274124102793,75274124319460,75274135809512,75274123989824,16683912,16666666,75274124739772,75274124772481,75274124861022,75274125830918,75274127755449,8021,205000,75274127755449,75274126100762,75274152474199,75274125830918,
0,14590759,75274135826433,75274135826433,0,75274136245606,75274136245918,75274136318887,75274136368731,75274152493099,75274136242272,16683883,16666666,75274136591543,75274136896335,75274136967949,75274140329668,75274142264772,6355,197396,75274142264772,75274140605554,75274169157793,75274140329668,
0,14590766,75274152509982,75274152509982,0,75274152919043,75274152919668,75274153019981,75274153056543,75274169176648,75274152915918,16683839,16666666,75274153067637,75274153117324,75274153199199,75274154082481,75274155978418,6823,276875,75274155978418,75274154419147,75274185841647,75274154082481,
0,14590773,75274169193358,75274169193358,0,75274171606335,75274171607272,75274171733887,75274171794772,75274185860024,75274171601231,16683780,16666666,75274171876699,75274173689981,75274173895449,75274176240606,75274177990762,18646,895625,75274177990762,75274177246960,75274202526283,75274176240606,
0,14590780,75274185876594,75274185876594,0,75274186303106,75274186304199,75274186463887,75274186526543,75274202543260,75274186298887,16683720,16666666,75274186544199,75274186612637,75274186722949,75274188260554,75274190439668,11875,257812,75274190439668,75274188587012,75274219211074,75274188260554,
0,14590787,75274202559792,75274202559792,0,75274203118262,75274203119772,75274203507324,75274203576856,75274219226458,75274203113262,16683672,16666666,75274203670137,75274206066335,75274206161647,75274207123574,75274209191074,9010,256875,75274209191074,75274207448731,75274235896074,75274207123574,
0,14590794,75274219243094,75274219243094,0,75274219582949,75274219584147,75274219697012,75274219736491,75274235909760,75274219579512,16683663,16666666,75274219749824,75274219772324,75274219861804,75274220963991,75274222998418,9062,330781,75274222998418,75274221346960,75274252581230,75274220963991,
0,14590801,75274235926833,75274235926833,0,75274236597741,75274236598418,75274237724199,75274237787012,75274252593499,75274236593574,16683711,16666666,75274238480918,75274239707741,75274239802481,75274241233887,75274243354929,10157,270468,75274243354929,75274241575241,75274269265657,75274241233887,
0,14590808,75274252611156,75274252611156,0,75274252931387,75274252932793,75274253004304,75274253289356,75274269277822,75274252926543,16683816,16666666,75274253775762,75274253828731,75274253975449,75274255059772,75274256984512,8125,177500,75274256984512,75274255306335,75274285949720,75274255059772,
0,14590815,75274269296090,75274269296090,0,75274270088835,75274270091179,75274270201699,75274270263835,75274285962756,75274270081387,16683980,16666666,75274270560606,75274271131699,75274271227324,75274272288991,75274274333574,7343,214740,75274274333574,75274272568262,75274302633886,75274272288991,
0,14590822,75274285981663,75274285981663,0,75274286322429,75274286323731,75274286437741,75274286483574,75274302648329,75274286317012,16684161,16666666,75274286495866,75274286535137,75274286627637,75274287648522,75274289970397,10469,374427,75274289970397,75274288113106,75274319318209,75274287648522,
0,14590829,75274302667432,75274302667432,0,75274303216074,75274303217012,75274303352897,75274303497949,75274319334098,75274303210710,16684288,16666666,75274303593054,75274305076387,75274305162429,75274306395293,75274308567793,9739,336250,75274308567793,75274306828106,75274336003731,75274306395293,
0,14590836,75274319352788,75274319352788,0,75274320043522,75274320044043,75274320243106,75274320294668,75274336019454,75274319999147,16684379,16666666,75274320307324,75274320337168,75274320455710,75274321517429,75274323491231,7552,193281,75274323491231,75274321776387,75274352688626,75274321517429,
0,14590843,75274336037871,75274336037871,0,75274336633262,75274336634929,75274337250293,75274337318991,75274352704537,75274336627324,16684457,16666666,75274337396960,75274338664147,75274338824199,75274344068418,75274346609043,13594,306042,75274346609043,75274344473887,75274369373366,75274344068418,
0,14590850,75274352722870,75274352722870,0,75274357525710,75274357526179,75274357588574,75274357744356,75274369389536,75274357521387,16684546,16666666,75274358346335,75274358381543,75274358492585,75274359691699,75274361651074,10886,216771,75274361651074,75274359976699,75274386058365,75274359691699,
0,14590857,75274369408146,75274369408146,0,75274370175449,75274370176231,75274370272793,75274370322168,75274386074812,75274370170137,16684618,16666666,75274370545449,75274372705137,75274372816387,75274373967585,75274376114147,9375,260625,75274376114147,75274374299824,75274402743522,75274373967585,
0,14590864,75274386093366,75274386093366,0,75274386862585,75274386863574,75274386977481,75274387016856,75274402760032,75274386858522,16684654,16666666,75274387031856,75274387057481,75274387128262,75274388805293,75274391010397,8281,201771,75274391010397,75274389070085,75274419427689,75274388805293,
0,14590871,75274402778339,75274402778339,0,75274403226335,75274403227012,75274403346231,75274403395449,75274419445005,75274403220293,16684670,16666666,75274403472012,75274403864043,75274403948731,75274407048574,75274409095866,9531,316927,75274409095866,75274407436699,75274436112428,75274407048574,
0,14590878,75274419463218,75274419463218,0,75274420349356,75274420350449,75274420461960,75274420505554,75274436129884,75274420344668,16684698,16666666,75274420519043,75274420561960,75274420642012,75274421742585,75274423691231,8750,174427,75274423691231,75274421978262,75274452797167,75274421742585,
0,14590885,75274436148254,75274436148254,0,75274438291179,75274438292012,75274438412637,75274438462012,75274452814920,75274438287324,16684703,16666666,75274438536387,75274438957949,75274439050293,75274441811231,75274444350449,10885,499791,75274444350449,75274442446856,75274469482428,75274441811231,
0,14590892,75274452833019,75274452833019,0,75274453500762,75274453503418,75274453661231,75274453750762,75274469499685,75274453494460,16684723,16666666,75274453772741,75274453876803,75274453972116,75274455254981,75274457213106,11250,191719,75274457213106,75274455539356,75274486167793,75274455254981,
0,14590899,75274469517906,75274469517906,0,75274469822168,75274469823106,75274469947637,75274469994043,75274486184572,75274469817949,16684765,16666666,75274470087793,75274470807637,75274471728418,75274472744981,75274474850866,8437,198750,75274474850866,75274473004668,75274502852792,75274472744981,
0,14590906,75274486202966,75274486202966,0,75274486476647,75274486477481,75274486549512,75274486776387,75274502869632,75274486472324,16684819,16666666,75274487154512,75274487199460,75274487287585,75274488277012,75274490485762,8281,165000,75274490485762,75274488499043,75274519537324,75274488277012,
0,14590913,75274502888210,75274502888210,0,75274503441699,75274503442272,75274503527481,75274503569512,75274519554876,75274503437272,16684867,16666666,75274503793522,75274505173991,75274505262481,75274506103887,75274508185762,6979,177813,75274508185762,75274506337741,75274536222271,75274506103887,
0,14590920,75274519573505,75274519573505,0,75274520195918,75274520196856,75274520282272,75274520324303,75274536240171,75274520191335,16684891,16666666,75274520372116,75274520728574,75274520819303,75274521939512,75274523911022,8282,197865,75274523911022,75274522201387,75274552904980,75274521939512,
0,14590927,75274536258642,75274536258642,0,75274537198366,75274537199928,75274537318574,75274537363262,75274552925308,75274537194981,16684874,16666666,75274537374824,75274537408574,75274537499616,75274539142949,75274540606543,7656,444844,75274540606543,75274539665137,75274569588730,75274539142949,
0,14590934,75274552943406,75274552943406,0,75274553557116,75274553558210,75274553640397,75274553689303,75274569610072,75274553553418,16684884,16666666,75274553742637,75274554110553,75274554189199,75274555243262,75274557190710,6771,188697,75274557190710,75274555494981,75274586272428,75274555243262,
0,14590948,75274586312392,75274586312392,0,75274586692272,75274586692949,75274586772168,75274587011231,75274602979058,75274586685866,16684706,16666666,75274587443418,75274587816074,75274587907324,75274588925293,75274590996387,8958,228178,75274590996387,75274589205137,75274619640814,75274588925293,
0,14590955,75274602995999,75274602995999,0,75274603517168,75274603519616,75274603947949,75274604088574,75274619662665,75274603509981,16684581,16666666,75274604363262,75274604525137,75274604628053,75274607115085,75274609258210,11302,619896,75274609258210,75274607851699,75274636325553,75274607115085,
0,14590962,75274619679317,75274619679317,0,75274620473678,75274620474668,75274620592116,75274620643106,75274636345983,75274620469512,16684462,16666666,75274620658210,75274620697793,75274620802481,75274621954460,75274623948835,8073,235938,75274623948835,75274622252949,75274653009355,75274621954460,
0,14590969,75274636362583,75274636362583,0,75274637211074,75274637211699,75274637318418,75274637368053,75274653029249,75274637205606,16684337,16666666,75274637445606,75274638878991,75274638976387,75274639959356,75274642101647,9531,297135,75274642101647,75274640323418,75274669694094,75274639959356,
0,14590976,75274653045823,75274653045823,0,75274653620918,75274653622168,75274653737793,75274653815293,75274669712489,75274653616803,16684238,16666666,75274653836699,75274653883678,75274653976647,75274655225085,75274656997637,13281,304896,75274656997637,75274655595918,75274686378522,75274655225085,
0,14590983,75274669729309,75274669729309,0,75274670646543,75274670647949,75274670797741,75274670964512,75274686395975,75274670642480,16684130,16666666,75274671049928,75274671764043,75274671851074,75274675163105,75274678406335,7344,316094,75274678406335,75274675568574,75274703063991,75274675163105,
0,14590990,75274686412632,75274686412632,0,75274688557637,75274688558730,75274688637012,75274688838730,75274703079298,75274688551387,16684077,16666666,75274689336855,75274689379355,75274689486647,75274690523418,75274692770137,39062,239843,75274692770137,75274690832168,75274719749511,75274690523418,
0,14590997,75274703096434,75274703096434,0,75274703971855,75274703972741,75274704418991,75274704473105,75274719763100,75274703967012,16684078,16666666,75274705917012,75274706972012,75274707090918,75274708449355,75274710928105,8281,1019844,75274710928105,75274709590605,75274736434407,75274708449355,
0,14591004,75274719780671,75274719780671,0,75274720457168,75274720458210,75274720589824,75274720669043,75274736447337,75274720451699,16684162,16666666,75274720684512,75274720729980,75274720832428,75274721814824,75274723747168,7604,456458,75274723747168,75274722339980,75274753119928,75274721814824,
0,14591011,75274736465735,75274736465735,0,75274736993678,75274736994668,75274737085866,75274737142637,75274753132401,75274736989147,16684306,16666666,75274737226647,75274739103105,75274739190293,75274740668105,75274742678730,9740,263281,75274742678730,75274741004199,75274769805501,75274740668105,
0,14591018,75274753151452,75274753151452,0,75274753727116,75274753728053,75274753864199,75274753903835,75274769818118,75274753723105,16684498,16666666,75274753920710,75274753976960,75274754065293,75274755058262,75274757025605,9531,277344,75274757025605,75274755391491,75274786489928,75274755058262,
0,14591025,75274769837621,75274769837621,0,75274770266022,75274770267168,75274770364512,75274771024043,75274786504287,75274770260918,16684661,16666666,75274771621178,75274772877012,75274773495293,75274775531960,75274777567324,42761,264948,75274777567324,75274775879824,75274803173834,75274775531960,
0,14591032,75274786523749,75274786523749,0,75274786822428,75274786823366,75274786934772,75274786979668,75274803190415,75274786818418,16684824,16666666,75274786992637,75274787022012,75274787113678,75274788416230,75274790645137,7187,199375,75274790645137,75274788679980,75274819857376,75274788416230,
0,14591039,75274803210028,75274803210028,0,75274804260918,75274804261647,75274804422480,75274804472585,75274819876694,75274804255918,16684929,16666666,75274804545085,75274804925293,75274805560085,75274807056699,75274809118366,7500,429062,75274809118366,75274807554147,75274836541125,75274807056699,
0,14591046,75274819895817,75274819895817,0,75274820567324,75274820567949,75274820648574,75274820889928,75274836562483,75274820562897,16684957,16666666,75274821314043,75274822158262,75274822265241,75274823138887,75274825109824,7500,300312,75274825109824,75274823496960,75274853224824,75274823138887,
0,14591053,75274836580879,75274836580879,0,75274837398105,75274837399616,75274837985137,75274838082480,75274853247545,75274837392324,16684925,16666666,75274841159928,75274841245293,75274841360241,75274844222480,75274846021647,13177,283698,75274846021647,75274844588678,75274869908157,75274844222480,
0,14591060,75274853265289,75274853265289,0,75274853995762,75274853997428,75274854096699,75274854152949,75274869931955,75274853990137,16684857,16666666,75274854167480,75274854230762,75274854323730,75274855321699,75274857265397,10208,273490,75274857265397,75274855649512,75274886591751,75274855321699,
0,14591067,75274869949274,75274869949274,0,75274870441647,75274870442272,75274870760449,75274870820762,75274886615940,75274870436543,16684716,16666666,75274870902793,75274871499355,75274871594980,75274872788574,75274874848574,12083,450781,75274874848574,75274873342637,75274903275917,75274872788574,
0,14591074,75274886632556,75274886632556,0,75274886942949,75274886943730,75274887046074,75274887094043,75274903299222,75274886939355,16684530,16666666,75274887107949,75274887201178,75274887285553,75274888459824,75274890648418,8073,169948,75274890648418,75274888689824,75274919959980,75274888459824,
0,14591081,75274903315295,75274903315295,0,75274903581699,75274903582480,75274903652480,75274903696699,75274919981961,75274903579512,16684306,16666666,75274903772324,75274907469147,75274907577116,75274908932428,75274910936074,9114,243229,75274910936074,75274909484668,75274936643626,75274908932428,
0,14591088,75274919997602,75274919997602,0,75274920736230,75274920737116,75274920802793,75274920972116,75274936664268,75274920733105,16684118,16666666,75274921359980,75274921636074,75274921733991,75274922771699,75274924726491,6719,157500,75274924726491,75274922984980,75274953327219,75274922771699,
0,14591095,75274936680143,75274936680143,0,75274937399199,75274937400293,75274937504668,75274937549824,75274953346809,75274937393522,16683974,16666666,75274937857324,75274938491074,75274939145137,75274940765762,75274942855918,9896,286198,75274942855918,75274941203835,75274970010137,75274940765762,
0,14591102,75274953362981,75274953362981,0,75274953724668,75274953725293,75274953806543,75274953848210,75274970029647,75274953721074,16683841,16666666,75274953926543,75274954257480,75274954331074,75274955356387,75274957358522,5677,161927,75274957358522,75274955578887,75274986693678,75274955356387,
0,14591109,75274970045820,75274970045820,0,75274970827897,75274970828887,75274970938730,75274970988418,75274986712486,75274970824668,16683752,16666666,75274971004199,75274972697012,75274972899512,75274974229668,75274976260241,21771,1242656,75274976260241,75274975592012,75275003377896,75274974229668,
0,14591116,75274986728915,75274986728915,0,75274987437741,75274987438418,75274987637012,75274987682585,75275003395581,75274987434199,16683698,16666666,75274987696074,75274987843262,75274987913887,75274989362741,75274991557793,7812,203229,75274991557793,75274989646230,75275020061126,75274989362741,
0,14591123,75275003412121,75275003412121,0,75275003947637,75275003948574,75275005601803,75275005663366,75275020078787,75275003941543,16683669,16666666,75275005741699,75275006115397,75275006204460,75275008981335,75275010652324,8125,294166,75275010652324,75275009474355,75275036744459,75275008981335,
0,14591130,75275020095492,75275020095492,0,75275026311699,75275026312168,75275026382949,75275026541074,75275036762158,75275026307480,16683674,16666666,75275027623574,75275027764512,75275027919043,75275029625449,75275031744512,9843,204635,75275031744512,75275029908418,75275053427272,75275029625449,
0,14591137,75275036779211,75275036779211,0,75275037324824,75275037325553,75275037485710,75275037538053,75275053445877,75275037319980,16683656,16666666,75275037808887,75275039567324,75275039670605,75275040706960,75275043197012,9687,2416718,75275042933262,75275043197012,75275070111334,75275040706960,
0,14591144,75275053462686,75275053462686,0,75275053881074,75275053881855,75275054002793,75275054064199,75275070129352,75275053875605,16683631,16666666,75275054077897,75275054136022,75275054223835,75275055222793,75275057173835,8229,186094,75275057173835,75275055456855,75275086795292,75275055222793,
0,14591151,75275070146060,75275070146060,0,75275070503835,75275070505137,75275070640605,75275070719303,75275086812726,75275070500605,16683579,16666666,75275070810918,75275071353730,75275071457272,75275073415710,75275075483835,12448,273958,75275075483835,75275073794199,75275103479302,75275073415710,
0,14591158,75275086829103,75275086829103,0,75275087347324,75275087347793,75275087482324,75275087529460,75275103495769,75275087342480,16683538,16666666,75275087545918,75275087580762,75275087679512,75275088757637,75275090996647,9375,192708,75275090996647,75275089016491,75275120163418,75275088757637,
0,14591165,75275103512311,75275103512311,0,75275104367741,75275104368574,75275104484616,75275104539199,75275120178977,75275104363262,16683511,16666666,75275104617585,75275106887324,75275106979199,75275109189512,75275111258366,9011,492344,75275111258366,75275109763418,75275136848000,75275109189512,
0,14591172,75275120195684,75275120195684,0,75275120539355,75275120540397,75275120648418,75275120700241,75275136862350,75275120535605,16683523,16666666,75275120713105,75275120781178,75275120861803,75275121937012,75275123905449,46615,198646,75275123905449,75275122200866,75275153532480,75275121937012,
0,14591179,75275136879413,75275136879413,0,75275137266387,75275137267168,75275137415605,75275137465449,75275153546079,75275137261387,16683574,16666666,75275137536803,75275138818730,75275138908678,75275140959043,75275143077480,6719,222187,75275143077480,75275141250709,75275170216855,75275140959043,
0,14591186,75275153563517,75275153563517,0,75275153873574,75275153874616,75275153983991,75275154278366,75275170230183,75275153868574,16683664,16666666,75275154750397,75275154791959,75275154922637,75275156224824,75275158164355,9740,221198,75275158164355,75275156517012,75275186901959,75275156224824,
0,14591193,75275170248070,75275170248070,0,75275171094668,75275171095449,75275171212949,75275171264043,75275186914736,75275171090084,16683778,16666666,75275171700866,75275172813418,75275173672949,75275175963574,75275178041855,8437,498697,75275178041855,75275176591959,75275203586751,75275175963574,
0,14591200,75275186932925,75275186932925,0,75275187523105,75275187524043,75275187693209,75275187744199,75275203599591,75275187519043,16683878,16666666,75275187756178,75275187779043,75275187864355,75275189503678,75275191717324,10260,171563,75275191717324,75275189738991,75275220270397,75275189503678,
0,14591207,75275203617768,75275203617768,0,75275204669355,75275204670241,75275204754668,75275204808574,75275220284434,75275204665918,16684008,16666666,75275204881855,75275206074980,75275206159043,75275207254668,75275209313730,8125,209115,75275209313730,75275207528262,75275236954980,75275207254668,
0,14591214,75275220303026,75275220303026,0,75275220709772,75275220710605,75275220783887,75275220831699,75275236969692,75275220705137,16684176,16666666,75275220887324,75275221276543,75275221371178,75275222298262,75275224228105,6146,177032,75275224228105,75275222535709,75275253639043,75275222298262,
0,14591221,75275236988694,75275236988694,0,75275237541074,75275237541803,75275237678574,75275237736855,75275253655360,75275237535605,16684289,16666666,75275237756959,75275239353366,75275239445605,75275240751699,75275242963574,9375,369375,75275242963574,75275241271230,75275270322740,75275240751699,
0,14591228,75275253673873,75275253673873,0,75275254056803,75275254057637,75275254139824,75275254333887,75275270340539,75275254052793,16684386,16666666,75275254752897,75275255061074,75275255162168,75275256240084,75275258207324,7344,196510,75275258207324,75275256497793,75275287006803,75275256240084,
0,14591235,75275270359005,75275270359005,0,75275271114772,75275271115709,75275271205918,75275271251803,75275287025671,75275271110605,16684414,16666666,75275271466543,75275271517168,75275272411699,75275273681543,75275275567897,10416,748594,75275275567897,75275274505762,75275303690970,75275273681543,
0,14591242,75275287043585,75275287043585,0,75275287444355,75275287445449,75275287584668,75275287635137,75275303710251,75275287438834,16684407,16666666,75275287689147,75275288069355,75275288146543,75275289342324,75275291331230,7813,176250,75275291331230,75275289578730,75275320374980,75275289342324,
0,14591249,75275303727803,75275303727803,0,75275304257949,75275304259199,75275305969043,75275306284668,75275320394469,75275304253574,16684376,16666666,75275306303991,75275306572428,75275306666699,75275307856074,75275309845084,19271,1343021,75275309845084,75275309294355,75275337059147,75275307856074,
0,14591256,75275320411800,75275320411800,0,75275320708574,75275320709512,75275320784824,75275320824824,75275337078466,75275320704043,16684327,16666666,75275320881074,75275321243887,75275321729303,75275322722480,75275324667636,7656,167344,75275324667636,75275322951230,75275353743365,75275322722480,
0,14591263,75275337095641,75275337095641,0,75275337422480,75275337423053,75275337540605,75275337595761,75275353762307,75275337418105,16684259,16666666,75275337614355,75275337765605,75275337852793,75275339106334,75275341100605,8594,242864,75275341100605,75275339425553,75275370427845,75275339106334,
0,14591270,75275353779292,75275353779292,0,75275354197741,75275354198730,75275354274303,75275354319511,75275370445958,75275354193834,16684198,16666666,75275354376074,75275354696386,75275354776855,75275355677324,75275357670918,6511,248594,75275357670918,75275355974511,75275387112375,75275355677324,
0,14591277,75275370462974,75275370462974,0,75275370972793,75275370973574,75275371057324,75275371391386,75275387129640,75275370968834,16684146,16666666,75275371822011,75275372232272,75275372384199,75275373919043,75275376179043,11094,2137917,75275375949928,75275376179043,75275403796073,75275373919043,
0,14591284,75275387146720,75275387146720,0,75275387588053,75275387588574,75275387661230,75275387759511,75275403813386,75275387582584,16684109,16666666,75275387995761,75275388346959,75275388428886,75275389438730,75275391439355,6406,180000,75275391439355,75275389676022,75275420480032,75275389438730,
0,14591291,75275403830619,75275403830619,0,75275404323418,75275404324199,75275404497741,75275404553886,75275420497285,75275404320761,16684122,16666666,75275404570553,75275404797636,75275404907897,75275406549668,75275408530553,7500,164740,75275408530553,75275406781386,75275437164355,75275406549668,
0,14591298,75275420514943,75275420514943,0,75275420882168,75275420882793,75275420970449,75275421014980,75275437181609,75275420878105,16684142,16666666,75275421069928,75275421441959,75275421519199,75275422815605,75275424882428,6145,201041,75275424882428,75275423081022,75275453848574,75275422815605,
0,14591305,75275437199243,75275437199243,0,75275437546699,75275437547168,75275437669303,75275437710397,75275453865909,75275437542636,16684135,16666666,75275437723418,75275438117168,75275438204355,75275440600605,75275442518105,13438,569323,75275442518105,75275441241959,75275470532168,75275440600605,
0,14591312,75275453883313,75275453883313,0,75275454444355,75275454444980,75275454521543,75275454565293,75275470549979,75275454440241,16684156,16666666,75275454619772,75275454999303,75275455079303,75275456679511,75275458657168,9636,183802,75275458657168,75275456930761,75275487215552,75275456679511,
0,14591319,75275470567627,75275470567627,0,75275471244980,75275471245918,75275471348366,75275471625761,75275487234293,75275471240241,16684179,16666666,75275472098886,75275472140449,75275472241543,75275475506386,75275477838261,11406,531250,75275477838261,75275476154147,75275503899407,75275475506386,
0,14591326,75275487251973,75275487251973,0,75275487660293,75275487661543,75275487760241,75275487800866,75275503918639,75275487654355,16684161,16666666,75275488022480,75275488062168,75275488180449,75275489545241,75275491751178,8594,158333,75275491751178,75275489767428,75275520582740,75275489545241,
0,14591333,75275503935921,75275503935921,0,75275504638991,75275504639980,75275504733730,75275504786699,75275520602587,75275504634980,16684112,16666666,75275504976022,75275506969668,75275507056491,75275508140241,75275510146386,9166,211354,75275510146386,75275508412949,75275537266751,75275508140241,
0,14591340,75275520619518,75275520619518,0,75275520919980,75275520920709,75275520994355,75275521040918,75275537286184,75275520915449,16684061,16666666,75275521089147,75275521403574,75275521490866,75275522375761,75275524340918,6875,188177,75275524340918,75275522623366,75275553950761,75275522375761,
0,14591347,75275537303070,75275537303070,0,75275537966334,75275537967116,75275538281230,75275538330241,75275553969736,75275537961855,16683981,16666666,75275538343418,75275538382116,75275538458522,75275541067272,75275543059199,36719,241458,75275543059199,75275541384147,75275570634354,75275541067272,
0,14591354,75275553986290,75275553986290,0,75275554393418,75275554394772,75275554469459,75275554515136,75275570652956,75275554388366,16683911,16666666,75275554571074,75275554870918,75275555050397,75275556204824,75275558168574,6250,170364,75275558168574,75275556428053,75275587318574,75275556204824,
0,14591361,75275570669592,75275570669592,0,75275571262636,75275571263730,75275571359147,75275572551543,75275587336258,75275571258522,16683853,16666666,75275575035918,75275575084043,75275575229043,75275576488105,75275578497116,9375,268489,75275578497116,75275576859303,75275604003000,75275576488105,
0,14591368,75275587352991,75275587352991,0,75275588115918,75275588117011,75275588197324,75275588239668,75275604019657,75275588110397,16683807,16666666,75275588442480,75275588746178,75275588840449,75275589818886,75275591782011,6979,162448,75275591782011,75275590037897,75275620686854,75275589818886,
0,14591375,75275604036430,75275604036430,0,75275604578209,75275604578991,75275604761543,75275604805918,75275620703096,75275604572949,16683803,16666666,75275604818418,75275604949772,75275605022897,75275609956334,75275611969980,8906,248958,75275611969980,75275610289511,75275637371229,75275609956334,
0,14591382,75275620720242,75275620720242,0,75275621279511,75275621280918,75275621362480,75275621415136,75275637386908,75275621274980,16683814,16666666,75275621467428,75275621820449,75275621910293,75275622805709,75275624767793,6146,182395,75275624767793,75275623044824,75275654055709,75275622805709,
0,14591389,75275637404256,75275637404256,0,75275638058834,75275638060136,75275638305084,75275638360449,75275654070922,75275638053574,16683826,16666666,75275638376074,75275638452584,75275638583366,75275641392324,75275643541543,9219,435781,75275643541543,75275642238209,75275670739146,75275641392324,
0,14591396,75275654088272,75275654088272,0,75275654502741,75275654503834,75275654589355,75275654641386,75275670754938,75275654498261,16683874,16666666,75275654696074,75275655056386,75275655140397,75275656192168,75275658279511,7657,171719,75275658279511,75275656419511,75275687423313,75275656192168,
0,14591403,75275670772634,75275670772634,0,75275674432584,75275674433418,75275674504824,75275674726491,75275687439300,75275674428730,16683959,16666666,75275675659980,75275675740553,75275675939668,75275677913834,75275679576491,18750,214532,75275679576491,75275678202324,75275704106698,75275677913834,
0,14591410,75275687457370,75275687457370,0,75275687722636,75275687723209,75275687796022,75275687842168,75275704124036,75275687718522,16684010,16666666,75275688066230,75275688415866,75275688505241,75275689545136,75275691694355,5469,155625,75275691694355,75275689752584,75275720790604,75275689545136,
0,14591417,75275704141769,75275704141769,0,75275704556855,75275704557584,75275704691230,75275704824199,75275720808435,75275704551230,16684047,16666666,75275704837168,75275705526699,75275705610084,75275708711855,75275710810397,10520,816094,75275710810397,75275709620761,75275737474875,75275708711855,
0,14591424,75275720826101,75275720826101,0,75275721427168,75275721428105,75275721507793,75275721548678,75275737492767,75275721422793,16684055,16666666,75275721599355,75275721919668,75275722000761,75275722960241,75275724914928,5833,168594,75275724914928,75275723189824,75275754159198,75275722960241,
0,14591431,75275737510118,75275737510118,0,75275738254355,75275738255397,75275738391855,75275738442480,75275754176784,75275738247949,16684034,16666666,75275738456178,75275738522741,75275738599824,75275740171386,75275742093261,8281,238230,75275742093261,75275740484303,75275770843417,75275740171386,
0,14591438,75275754193907,75275754193907,0,75275754783574,75275754784668,75275754894772,75275754941699,75275770860573,75275754779303,16684025,16666666,75275754953366,75275755009980,75275755147584,75275756698574,75275758679355,7969,189844,75275758679355,75275756960136,75275787527167,75275756698574,
0,14591445,75275770877832,75275770877832,0,75275771608730,75275771609511,75275771911334,75275771967949,75275787544498,75275771603574,16684028,16666666,75275772117011,75275773932168,75275774025397,75275778213418,75275779240553,8803,850156,75275778752949,75275779240553,75275804211386,75275778213418,
0,14591452,75275787561896,75275787561896,0,75275788304772,75275788305865,75275788406386,75275788661490,75275804228562,75275788299668,16684018,16666666,75275789204355,75275789242115,75275789355397,75275790585293,75275792870397,9322,203385,75275792870397,75275790858886,75275820896021,75275790585293,
0,14591459,75275804245890,75275804245890,0,75275805304824,75275805305918,75275805414668,75275805470761,75275820912556,75275805299459,16684000,16666666,75275805766543,75275806352324,75275806486855,75275808682480,75275810864043,9063,608802,75275810864043,75275809375865,75275837580187,75275808682480,
0,14591466,75275820929768,75275820929768,0,75275821510240,75275821510865,75275821625605,75275821668053,75275837596434,75275821505605,16684007,16666666,75275821680918,75275821716699,75275821794043,75275822818678,75275824746386,5781,182917,75275824746386,75275823067584,75275854264459,75275822818678,
0,14591473,75275837613868,75275837613868,0,75275838161074,75275838162011,75275838271074,75275838323105,75275854280534,75275838155240,16684028,16666666,75275838398261,75275839996074,75275840567324,75275841608365,75275843883678,9687,280573,75275843883678,75275841971074,75275870948209,75275841608365,
0,14591480,75275854298164,75275854298164,0,75275854658418,75275854659303,75275854777636,75275854820397,75275870964830,75275854654199,16684065,16666666,75275854832636,75275854892584,75275854972949,75275855984824,75275857938105,7396,257188,75275857938105,75275856316543,75275887632272,75275855984824,
0,14591487,75275870982596,75275870982596,0,75275871689668,75275871690397,75275871788105,75275871836178,75275887649262,75275871685240,16684127,16666666,75275871903105,75275873459928,75275873546959,75275877435605,75275879558730,10833,701562,75275879558730,75275878246803,75275904315553,75275877435605,
0,14591494,75275887667247,75275887667247,0,75275891195761,75275891196386,75275891270761,75275891455293,75275904333913,75275891192168,16684149,16666666,75275891936334,75275892286855,75275892373886,75275893227793,75275895238209,7500,179844,75275895238209,75275893458105,75275920999251,75275893227793,
0,14591501,75275904351545,75275904351545,0,75275905034772,75275905035605,75275905144980,75275905194824,75275921018211,75275905029511,16684174,16666666,75275905428678,75275906550605,75275906651647,75275908315553,75275910408886,8541,221719,75275910408886,75275908612272,75275937682272,75275908315553,
0,14591508,75275921035862,75275921035862,0,75275921650293,75275921651230,75275921721959,75275921768834,75275937702528,75275921645449,16684136,16666666,75275921817897,75275922143990,75275922219199,75275923240136,75275925208522,6302,204323,75275925208522,75275923503990,75275954365396,75275923240136,
0,14591515,75275937719572,75275937719572,0,75275938491074,75275938492428,75275938707168,75275938770709,75275954386238,75275938485293,16684076,16666666,75275938790449,75275939028418,75275939128209,75275942515084,75275943373418,10834,769323,75275942781647,75275943373418,75275971048417,75275942515084,
0,14591522,75275954403056,75275954403056,0,75275954783990,75275954784824,75275954858574,75275954907480,75275971069722,75275954778574,16683987,16666666,75275954964668,75275955287272,75275955374199,75275956614043,75275958566855,7135,175990,75275958566855,75275956846230,75275987732219,75275956614043,
0,14591529,75275971086161,75275971086161,0,75275971639511,75275971640605,75275972482168,75275972538053,75275987752827,75275971635136,16683882,16666666,75275972556647,75275973991230,75275974116855,75275975637949,75275977647168,12656,525000,75275977647168,75275976254043,75273985636543,75275975637949,
0,14591536,75275987769012,75275987769012,0,75275988568990,75275988570553,75275988685136,75275988734199,75276004435678,75275988421074,16683763,16666666,75275988792428,75275989163522,75275989242167,75275990253730,75275992244824,6563,159062,75275992244824,75275990468678,75274002320397,75275990253730,
0,14591543,75276004451632,75276004451632,0,75276005147115,75276005148105,75276005254980,75276005604824,75276021118298,75276005141386,16683645,16666666,75276006757428,75276007312949,75276007423105,75276008532792,75276010621699,11980,270469,75276010621699,75276008873886,75274019004668,75276008532792,
0,14591550,75276021134266,75276021134266,0,75276021590449,75276021591386,75276021670761,75276021745761,75276037800932,75276021586647,16683551,16666666,75276021981386,75276022324147,75276022414042,75276023663105,75276025609147,7239,189948,75276025609147,75276023918365,75274035688835,75276023663105,
0,14591557,75276037817092,75276037817092,0,75276038702897,75276038703990,75276038847011,75276038908053,75276054483758,75276038697324,16683503,16666666,75276038925084,75276040040709,75276040236386,75276042461959,75276044787740,30677,234323,75276044787740,75276042774511,75274052373053,75276042461959,
0,14591564,75276054500291,75276054500291,0,75276055301074,75276055301855,75276055597272,75276055638990,75276071166957,75276055295761,16683484,16666666,75276055653886,75276055689980,75276055767428,75276057682949,75276059757584,9740,211875,75276059757584,75276057971178,75274069057064,75276057682949,
---PROFILEDATA---


View hierarchy:

  dev.halcamera/dev.halcamera.MainActivity/android.view.ViewRootImpl@9c92756
  62 views, 127.15 kB of render nodes


Total ViewRootImpl   : 1
Total attached Views : 62
Total RenderNode     : 127.15 kB (used) / 355.33 kB (capacity)

Total STB frames rendered : 0
  ProcessConfig={1.15 450mcc8mnc [ko_KR] ldltr sw360dp w360dp h780dp 640dpi nrml long compactNeeded hdr widecg port night finger -keyb/v/h -nav/h winConfig={ mBounds=Rect(0, 0 - 1440, 3120) mAppBounds=Rect(0, 0 - 1440, 3120) mMaxBounds=Rect(0, 0 - 1440, 3120) mDisplayRotation=ROTATION_0 mWindowingMode=fullscreen mActivityType=undefined mAlwaysOnTop=undefined mRotation=ROTATION_0 mStageConfig=undefined mEmbedActivityMode=undefined mPopOver=off mOverlappingWithCutout=false} s.1078 fontWeightAdjustment=0 ff=0 bf=-1 bts=0 cst=1.0 nightDim=0 themeSeq=0}
  Application ResourcesConfig={1.15 450mcc8mnc [ko_KR] ldltr sw360dp w360dp h780dp 640dpi nrml long compactNeeded hdr widecg port night finger -keyb/v/h -nav/h winConfig={ mBounds=Rect(0, 0 - 1440, 3120) mAppBounds=Rect(0, 0 - 1440, 3120) mMaxBounds=Rect(0, 0 - 1440, 3120) mDisplayRotation=ROTATION_0 mWindowingMode=fullscreen mActivityType=undefined mAlwaysOnTop=undefined mRotation=ROTATION_0 mStageConfig=undefined mEmbedActivityMode=undefined mPopOver=off mOverlappingWithCutout=false} s.1078 fontWeightAdjustment=0 ff=0 bf=-1 bts=0 cst=1.0 nightDim=0 themeSeq=0}
